-_Current_distance:_5.808885_Global_distance:_5.808885
-_Current_distance:_3.705461_Global_distance:_3.705461
-_Current_distance:_6.238434_Global_distance:_3.705461
-_Current_distance:_4.430046_Global_distance:_3.705461
-_Current_distance:_5.608746_Global_distance:_3.705461
-_Current_distance:_4.786060_Global_distance:_3.705461
*
*
*
Process_stopped_at_Iteration:_903
-_Current_distance:_4.501489_Global_distance:_3.127591

Route_1_Capacity:_2000
0_-_
5_-_80_-_85_-_78_-_76_-_82_-_66_-_64_-_87_-_81_-_
84_-_79_-_75_-_88_-_83_-_77_-_86_-_11_-_3_-_4_-_
89_-_90_-_91_-_92_-_93_-_94_-_95_-_96_-_99_-_98_-_
97_-_100_-_65_-_28_-_26_-_27_-_41_-_33_-_39_-_25_-_
40_-_36_-_30_-_34_-_31_-_24_-_38_-_37_-_32_-_44_-_
42_-_46_-_48_-_47_-_43_-_51_-_49_-_52_-_55_-_50_-_
54_-_53_-_56_-_59_-_1_-_60_-_58_-_62_-_63_-_71_-_
72_-_67_-_68_-_69_-_
0_-_

Route_2_Capacity:_1500
0_-_
6_-_18_-_17_-_16_-_19_-_14_-_8_-_9_-_23_-_20_-_
21_-_7_-_15_-_13_-_12_-_10_-_45_-_57_-_29_-_61_-_
73_-_74_-_70_-_
0_-_

Route_3_Capacity:_1000
0_-_
35_-_2_-_
0_-_

Route_4_Capacity:_990
0_-_
22_-_
0_-_


Number_of_vehicles_used:_4


The_Run_Time_is:_1201.000000
 [[0, 5, 80, 85, 78, 76, 82, 66, 64, 87, 81, 84, 79, 75, 88, 83, 77, 86, 11, 3, 4, 89, 90, 91, 92, 93, 94, 95, 96, 99, 98, 97, 100, 65, 28, 26, 27, 41, 33, 39, 25, 40, 36, 30, 34, 31, 24, 38, 37, 32, 44, 42, 46, 48, 47, 43, 51, 49, 52, 55, 50, 54, 53, 56, 59, 1, 60, 58, 62, 63, 71, 72, 67, 68, 69, 0], [0, 6, 18, 17, 16, 19, 14, 8, 9, 23, 20, 21, 7, 15, 13, 12, 10, 45, 57, 29, 61, 73, 74, 70, 0], [0, 35, 2, 0], [0, 22, 0], [0, 0], [0, 0]]
